,change_email_occurence,change_mob_num_occurence,txn_count_week_wk1,txn_amt_week_wk1,txn_velocity_week_wk1,txn_days_active_week_wk1,txn_count_week_wk2,txn_amt_week_wk2,txn_velocity_week_wk2,txn_days_active_week_wk2,txn_count_week_wk3,txn_amt_week_wk3,txn_velocity_week_wk3,txn_days_active_week_wk3,txn_count_week_wk4,txn_amt_week_wk4,txn_velocity_week_wk4,txn_days_active_week_wk4,txn_velocity_delta_wk2_vs_wk1,txn_velocity_delta_wk3_vs_wk2,txn_velocity_delta_wk4_vs_wk3,txn_velocity_accel_wk3,txn_count_30d,txn_amt_30d,txn_velocity_30d,txn_days_active_30d,txn_count_day_volatility_30d,txn_amt_day_volatility_30d,txn_amt_vol_score_wk1,txn_amt_vol_score_wk2,txn_amt_vol_score_wk3,txn_amt_vol_score_wk4,max_txn_count_day,min_txn_count_day,max_txn_amt_day,min_txn_amt_day,avg_amt_in_day,avg_amt_out_day,avg_net_flow_amt_day,avg_inflow_outflow_ratio_day,num_same_day_cico_days,num_inflow_days,percent_inflow_same_day_out,count_INSTAPAY_IN,count_INSTAPAY_OUT,count_total_in,count_total_out,amount_INSTAPAY_IN,amount_INSTAPAY_OUT,amount_PESONET_OUT,total_amount_in,total_amount_out,max_amount_INSTAPAY_IN,max_amount_INSTAPAY_OUT,min_amount_INSTAPAY_IN,min_amount_INSTAPAY_OUT,weekend_txn_count,night_txn_count,hour_entropy,weekday_entropy,max_time_btwn_txns_days,avg_time_btwn_txns_days,cv_time_btwn_txns,max_txn_sessions_per_day_3min,num_unique_source_accounts,num_unique_source_names,num_unique_destination_accounts,num_unique_destination_names,repeat_counterparty_ratio_in,repeat_counterparty_ratio_out,amt_from_source,total_in,top_source_share_in,amt_to_destination,total_out,top_destination_share_out,source_entropy_in,destination_entropy_out,fraud_status
change_email_occurence,1.0,0.2597810249339375,0.015038779786350528,0.012597203154659594,0.015038779786350523,0.019984992432088792,0.017855235250260542,0.024489208670916782,0.01785523525026101,0.03991844519768292,0.021674614992626923,0.028102129787026642,0.02167461499262673,0.04220003798522282,0.02168846575137895,0.023748087302649414,0.021688465751379327,0.03716400014214619,0.0042481052738648625,-0.0016898746572666166,0.001765020987007273,-0.004445319423506458,0.02358958304227285,0.028388412462437874,0.02358958304227288,0.04407148548746235,0.03890258551796779,0.023888302570698634,-0.0003030605631717921,0.008087511213808579,0.0021095103827180398,0.0008423338244213308,0.038817359511801215,0.042861250948705014,0.03562024101118004,0.038442523882309974,0.03412215642377153,0.05515500685601525,0.021458755533138456,0.010416819709245078,0.04981899940924234,0.04699585983404994,0.06521160283892105,0.030669221471624993,0.01944690357451334,0.030916092960586825,0.019446899241095907,0.025458839627886917,0.03069204432832842,-0.00012661523383063794,0.025039298607565406,0.030692038904750956,0.049102059231786815,0.05081013168498093,0.028061871697353562,0.025256556991949616,0.020807220104785557,0.022083934218626755,0.05384247149057357,0.04518019517063592,0.017797674895080558,0.004184006047264222,0.06105263167488861,0.03992375246331463,0.03637325089497818,0.03573109116932008,0.014733092268739808,0.015008495093321082,0.02402909892502003,0.03477975757159252,0.019176453122079277,0.025039298607565406,0.013190873804081934,0.033061519459358375,0.03069203890475095,0.031177948017421037,0.06639814162864187,0.04046462569866203,0.16025704876004052
change_mob_num_occurence,0.2597810249339375,1.0,0.0021852669842964676,0.0060537107474234785,0.0021852669842964225,0.018020768464146318,0.006038740886839633,0.016438586468193937,0.006038740886839644,0.03262737744320868,0.01491930435989941,0.02287924087467741,0.01491930435990022,0.037204496972044976,0.018403547912317252,0.02203809011692141,0.018403547912318734,0.036765383439700795,0.0018074530172205905,0.0028649399623898153,0.002073603614950567,-0.00018649264399515998,0.012101125892152417,0.02121245409555191,0.01210112589215252,0.03958165996455014,0.03055799361531577,0.022026800300846704,-0.00038525094418873025,0.00664546640810406,0.002644855488752749,0.0018293452197365708,0.028686032477675243,0.03688265315672678,0.03147987861144427,0.03389799087542995,0.03016138203189535,0.04795398610381824,0.019185786336963283,0.008233904408558776,0.039096891002341115,0.039738308500845226,0.06082562677453473,0.026804714476581,0.0078565889988347,0.026956010889143008,0.007856583596657253,0.019662719142138105,0.021670894033930636,-0.00015749822812861566,0.019147548393509684,0.02167088722183249,0.045558087334622036,0.046358241247044796,0.026003203055646965,0.022646573140450342,0.010816812865904054,0.013370231413454949,0.05156514428999006,0.044397808118206636,0.020932063872611303,0.008507755310302907,0.05422066235906301,0.03003113283624691,0.0319420925398595,0.03136175578931697,0.0029169237392109243,0.0031159052820884407,0.02250329392243912,0.037598060237200304,0.015609490292657307,0.019147548393509684,0.019775592690447676,0.029456328797212276,0.02167088722183249,0.037623609272002256,0.0600370417674765,0.0296539877248647,0.14206153524803386
txn_count_week_wk1,0.015038779786350528,0.0021852669842964676,1.0,0.5519510658088441,1.0000000000000175,0.3899853114224454,0.8092628665396324,0.6297208427328835,0.8092628665396122,0.420254232558046,0.4389437461254879,0.31042616049927413,0.43894374612547965,0.2111626111978011,0.1430744267097585,0.07845942860786795,0.1430744267097618,0.06271013843699805,-0.02107680800174833,-0.43051491328374125,-0.16235351817121757,-0.35693527554407434,0.7978728048324446,0.5308774586509245,0.7978728048324577,0.34270654446085724,0.7198241196406703,0.16296490448491677,0.003376342849112565,-0.0006010926255748343,-0.0010869255523279359,-0.000847830703308297,0.7808823205547923,0.4520938950355931,0.26769713031147374,0.13208252376918145,0.2127439975616499,0.38111570431060204,0.12363409993728969,0.009527928331930407,0.562390688327894,0.36078379336619654,0.39739085207737596,0.3605977657907719,0.7886633576843982,0.360282518134984,0.7886633638195478,0.46560239665966835,0.6560212328438518,0.0001621038012597889,0.43980955277122535,0.6560212425526635,0.27894014564199443,0.21237210509512525,0.136002125115517,0.0048102024740648425,0.7293150051540152,0.7547476738651004,0.29916659826872316,0.2389013487342083,0.036515982289962466,-0.0014869533106667443,0.4485076697425669,0.7351908312722112,0.40129652680757294,0.40378408649314723,0.8225485222862734,0.8095356230591414,0.060278080658965845,0.027911455252883396,0.2035361357575019,0.43980955277122535,0.03620126740879361,0.3064777730113246,0.6560212425526635,0.039968517640319556,0.422968331003848,0.6482799765931008,0.41000589026673845
txn_amt_week_wk1,0.012597203154659594,0.0060537107474234785,0.5519510658088441,1.0,0.5519510658088215,0.33955056825122865,0.4316603905480179,0.587512873618591,0.4316603905480098,0.3182078222813074,0.20917817915127412,0.3702677613872224,0.20917817915127662,0.18859120179511,0.08043631642935144,0.21043612838748815,0.08043631642935446,0.10532750421293298,-0.03567667613747634,-0.2589655577390859,-0.03102684378895611,-0.19183822275221904,0.42486974171366326,0.7411787400569189,0.4248697417136572,0.3026229204934205,0.3998598223653407,0.6981283820253009,0.016881228188567996,0.0005767285840254399,-0.00046811479837946985,-0.0004664783500854739,0.43694342727272634,0.2724081281913446,0.7674480352377385,0.2659196477414064,0.6807542886363027,0.38508352462604895,0.6232103640129156,0.49829668403747734,0.43399995023751575,0.3423264589178381,0.2917225369409496,0.4188333987863639,0.37621665179555314,0.42090676803664634,0.37621667128229486,0.633692699975228,0.5218288966470119,0.0005596245821954478,0.7505910942901677,0.5218289232331963,0.3788984179362783,0.32554560318308373,0.182930311280474,0.08591211062839532,0.38900890772133556,0.40289959163158356,0.251934818990587,0.21329099202557833,0.05545237583622868,0.005871621823204256,0.3405131331859969,0.4189362967612313,0.3735179846102626,0.3728291990728804,0.392464897789326,0.39538830503783434,0.0910251259773341,0.05020705283527971,0.5651249993632125,0.7505910942901677,0.04072841204375854,0.3184975590594241,0.5218289232331964,0.05291298912278771,0.3596269540629446,0.40542030979407156,0.25552713960061807
txn_velocity_week_wk1,0.015038779786350523,0.0021852669842964225,1.0000000000000175,0.5519510658088215,1.0,0.3899853114224363,0.8092628665396019,0.6297208427328658,0.8092628665396316,0.4202542325580485,0.4389437461254725,0.31042616049927046,0.43894374612548476,0.21116261119780125,0.143074426709758,0.07845942860786846,0.14307442670975704,0.06271013843700052,-0.02107680800174686,-0.4305149132837358,-0.16235351817120958,-0.3569352755440592,0.7978728048324383,0.5308774586509166,0.7978728048324566,0.3427065444608651,0.7198241196406493,0.16296490448491308,0.00337634284911256,-0.0006010926255748029,-0.0010869255523279038,-0.0008478307033082586,0.7808823205548067,0.4520938950355776,0.2676971303114747,0.13208252376918456,0.2127439975616439,0.3811157043105876,0.12363409993729084,0.00952792833193015,0.5623906883278654,0.3607837933661825,0.39739085207735547,0.3605977657907787,0.7886633576844291,0.36028251813497886,0.7886633638195384,0.4656023966596607,0.6560212328438831,0.00016210380125979078,0.4398095527712274,0.6560212425526727,0.2789401456419959,0.21237210509512613,0.1360021251155133,0.00481020247406471,0.7293150051539838,0.7547476738650769,0.29916659826872394,0.23890134873420799,0.036515982289961404,-0.0014869533106667298,0.4485076697425787,0.7351908312721747,0.40129652680756583,0.4037840864931393,0.8225485222862673,0.8095356230591189,0.060278080658965984,0.027911455252882283,0.2035361357575038,0.4398095527712274,0.03620126740879267,0.3064777730113353,0.6560212425526727,0.039968517640318536,0.42296833100383824,0.648279976593054,0.41000589026673984
txn_days_active_week_wk1,0.019984992432088792,0.018020768464146318,0.3899853114224454,0.33955056825122865,0.3899853114224363,1.0,0.2998872203131074,0.3074133398603159,0.2998872203130998,0.5378593256148885,0.1848715035136606,0.20037502144602828,0.184871503513663,0.4076272810932765,0.11328058781709495,0.1355276704514583,0.11328058781710003,0.33961079221064394,0.010404866310386781,-0.12730015791237959,-0.05674182094831897,-0.1164403358298333,0.32354510194473957,0.3294392431038483,0.3235451019447333,0.7356585557566317,0.30496475900113335,0.17863486203341558,0.035460063364269066,0.0012658945026566026,-0.004280672008599908,-0.0010922862194695183,0.3517572063531743,0.3357169549098425,0.2469330503889834,0.07463426800940479,0.1911105655408597,0.28161895961647126,0.12762966379639948,0.03525249856938339,0.4884675629995614,0.6886759971555024,0.4407500661565764,0.373616725794288,0.2760908791870417,0.3749993388977079,0.27609096503236,0.30713821019377147,0.3396498697129302,0.002494357214240324,0.2962991604487763,0.3396499803141601,0.41443259081842077,0.3141912357197625,0.14016588429815363,0.08680285221929171,0.3003674925503826,0.3159542996301615,0.6757374166018087,0.6579720082461118,0.4095357915014972,0.2517278192873515,0.5226515467449411,0.39639317598762513,0.3298107963429773,0.3244610976401429,0.2715395119668766,0.2701105993465566,0.397578677325959,0.2995431303363635,0.23366658523009237,0.2962991604487763,0.48953289463491334,0.25085931476316314,0.3396499803141601,0.4030623994197167,0.5497557094475529,0.5050302139066942,0.1683040549198276
txn_count_week_wk2,0.017855235250260542,0.006038740886839633,0.8092628665396324,0.4316603905480179,0.8092628665396019,0.2998872203131074,1.0,0.6839135509555448,0.9999999999999866,0.4724629178293618,0.6445731987210038,0.3855283909028619,0.6445731987209987,0.26905903467353887,0.24530876442067592,0.11178390455369054,0.24530876442067467,0.08698745946875638,0.5058352950071173,-0.4748873938290509,-0.2931809828565264,-0.6618818872411029,0.8971565029607899,0.5364098605375214,0.8971565029608318,0.35386414602232374,0.762129921561987,0.15685652345368956,0.0030204333162057845,0.002181006106791219,-0.0008241451281754382,-0.0007036633431065048,0.8230905425700021,0.42442303577844975,0.2572327933595291,0.11175961934268787,0.19602418015594147,0.3782915639554362,0.10651821030489629,0.00012040845825904344,0.5696117286441031,0.35670835051831423,0.39649951381619936,0.3873979454974348,0.8902706893841588,0.38694874179105626,0.8902706891439148,0.4622506816020733,0.6858458792602637,-2.5708449508977172e-05,0.436426885818266,0.6858458808616733,0.2674880986704642,0.2020805420990166,0.12313839149092465,0.0008290576254958001,0.8272175061361406,0.835676794343962,0.29272151053361495,0.2318367336578253,0.019188568474273082,-0.010906485259169617,0.4571663807898397,0.7748223696879082,0.43542607097004027,0.43823510887006806,0.91984641800349,0.9117841013594833,0.049339482900393854,0.024864211734542455,0.19962820319151206,0.436426885818266,0.013874089338953585,0.33581800606752243,0.6858458808616735,0.030126443447434245,0.42503432829703497,0.6530007118232682,0.43153678913865995
txn_amt_week_wk2,0.024489208670916782,0.016438586468193937,0.6297208427328835,0.587512873618591,0.6297208427328658,0.3074133398603159,0.6839135509555448,1.0,0.6839135509555408,0.4898924742213421,0.3898449852284396,0.6185693220558279,0.3898449852284274,0.2894970730574979,0.15957560241393878,0.3300869620621369,0.1595756024139431,0.1535091328577087,0.22679952120926658,-0.3878298666795151,-0.07856501070383679,-0.4285880877286755,0.6203653183130321,0.8357095520306314,0.6203653183130523,0.3906583739289544,0.5548317124585083,0.2978587161059583,0.015451595270822262,0.008703788823713943,-0.0005182052790840477,-0.0004575863489931564,0.603459937149458,0.3196196811976738,0.4618227564975177,0.1976227668825728,0.38457538914524625,0.47900349827786703,0.28075309335189946,0.06493535047107228,0.6093023636102814,0.449509283015196,0.38364682247934956,0.5716107665875421,0.557285393556607,0.5729034311235853,0.5572853907413811,0.8133852823427242,0.7460505342186525,-9.370331731030971e-05,0.7916862671467881,0.7460505330813617,0.41483217543269424,0.3836296540354127,0.17139829119980657,0.07039589437792376,0.559431223338389,0.5911649489535472,0.30441556554648624,0.2562330612246292,0.039215280359636576,-0.005667060812478954,0.4147513042468821,0.5815991779158776,0.5354834852431175,0.5352994526730744,0.589269705140147,0.5930114359301576,0.0869389902117563,0.05546767464870931,0.515415699844485,0.7916862671467881,0.0281704816654231,0.42933734804513807,0.7460505330813617,0.048459828735412144,0.4622066691202958,0.5470226178316672,0.3688865064742234
txn_velocity_week_wk2,0.01785523525026101,0.006038740886839644,0.8092628665396122,0.4316603905480098,0.8092628665396316,0.2998872203130998,0.9999999999999866,0.6839135509555408,1.0,0.47246291782935773,0.6445731987209967,0.3855283909028512,0.6445731987210209,0.2690590346735519,0.2453087644206715,0.11178390455369268,0.2453087644206808,0.08698745946875695,0.5058352950071113,-0.47488739382906964,-0.29318098285651956,-0.6618818872411012,0.8971565029608027,0.5364098605375227,0.8971565029608091,0.35386414602234895,0.7621299215619962,0.15685652345369383,0.0030204333162058257,0.002181006106791199,-0.0008241451281754341,-0.0007036633431065239,0.8230905425700352,0.4244230357784507,0.25723279335953925,0.11175961934269471,0.1960241801559444,0.37829156395544683,0.10651821030489532,0.00012040845825904761,0.5696117286440943,0.35670835051829647,0.3964995138161953,0.3873979454974319,0.8902706893841513,0.3869487417910383,0.8902706891439225,0.4622506816020646,0.6858458792602479,-2.5708449508975332e-05,0.43642688581830086,0.6858458808616649,0.2674880986704645,0.2020805420990162,0.12313839149092215,0.000829057625495782,0.8272175061361368,0.8356767943439743,0.2927215105336219,0.23183673365782648,0.01918856847427269,-0.010906485259169322,0.45716638078985683,0.7748223696879322,0.43542607097004976,0.4382351088700609,0.9198464180034757,0.9117841013595072,0.04933948290039351,0.024864211734542528,0.19962820319151178,0.43642688581830086,0.013874089338953564,0.33581800606752127,0.6858458808616649,0.030126443447432896,0.4250343282970483,0.6530007118232459,0.4315367891386582
txn_days_active_week_wk2,0.03991844519768292,0.03262737744320868,0.420254232558046,0.3182078222813074,0.4202542325580485,0.5378593256148885,0.4724629178293618,0.4898924742213421,0.47246291782935773,1.0,0.30486506565206023,0.3114249645653442,0.30486506565205784,0.5703213941356494,0.1790154386870181,0.20140664956024804,0.17901543868703196,0.46133022601611323,0.1548625270248166,-0.20655185798783113,-0.09294563546456214,-0.2553790304275522,0.4516521697651231,0.43545144096425015,0.45165216976512296,0.812549600250134,0.4136713007448101,0.20044964484773894,0.016114516207222283,0.05124464181859205,0.00024733997775313384,0.001476371533987269,0.4512350098003196,0.28436484443542015,0.2891241491913305,0.06561935657148861,0.2084841478441999,0.3319117174712876,0.13249766921918799,0.01451624709144774,0.6377337363975266,0.750396620466574,0.5206569400704221,0.4603154334406574,0.3972024630517041,0.4617309598167364,0.39720250748514185,0.4009353382946787,0.4695912942878336,0.0012857323710814448,0.38449348669001226,0.4695913524691221,0.45397437079851205,0.363157736966931,0.13717206640463864,0.06172337263584328,0.41407266549112776,0.43341684715859524,0.7207319190604027,0.6870349868136794,0.2940454853197266,0.15453377010323918,0.5506948571638663,0.4937688936276639,0.40346497645423224,0.39859217644294737,0.39156089827351054,0.39014932696368854,0.38486034951010895,0.3303735647186708,0.28033007954076705,0.38449348669001226,0.26486037052935585,0.3303781368143184,0.4695913524691221,0.3408073852045602,0.6176627415705996,0.6335858873087443,0.2669711315833471
txn_count_week_wk3,0.021674614992626923,0.01491930435989941,0.4389437461254879,0.20917817915127412,0.4389437461254725,0.1848715035136606,0.6445731987210038,0.3898449852284396,0.6445731987209967,0.30486506565206023,1.0,0.5689986535394123,0.9999999999999936,0.39800188071846326,0.6370063574295086,0.3020398221129139,0.6370063574294967,0.1992198063683931,0.43284083982727595,0.0807865540063813,-0.42076016409241873,-0.32318647623892677,0.8493819755324213,0.46631282597816814,0.8493819755324425,0.3401951456431849,0.6410260622048213,0.1383855062459235,0.005292067818495627,0.0009902811629039577,0.0031162186456912657,-0.0003183744281647418,0.7015206690730107,0.35047407255764795,0.21534556035206537,0.07179735387656645,0.155658267457662,0.3240149322413047,0.07814055620437713,0.0005180823098687239,0.4850052766400411,0.3174659434006577,0.3342605477795775,0.37580132988934734,0.8411116119898401,0.37551212854889454,0.8411116162613652,0.3872345923692614,0.6344852985543227,0.00010672545718560692,0.3661357026630931,0.6344853057519508,0.22377456045776398,0.17123351379835453,0.06222254834700372,0.0038798389587219,0.8238516530221949,0.7807376039084057,0.25726371676796617,0.2060572077173936,0.028709577103515807,-0.005068701721204095,0.419803305453578,0.6787473822994272,0.3764680880457852,0.37831151082814485,0.7280177886871717,0.7122448063361461,0.06387850308981928,0.05975756589402273,0.23143071425565037,0.3661357026630931,0.027809517641472117,0.4848653279805232,0.6344853057519508,0.049039856478536106,0.32757236962406755,0.46556689594358486,0.34717746964055096
txn_amt_week_wk3,0.028102129787026642,0.02287924087467741,0.31042616049927413,0.3702677613872224,0.31042616049927046,0.20037502144602828,0.3855283909028619,0.6185693220558279,0.3855283909028512,0.3114249645653442,0.5689986535394123,1.0,0.568998653539439,0.42813142220377676,0.4171577590540529,0.5914179846953722,0.41715775905406116,0.26979640806780353,0.17647204665239388,-0.026471367581193634,-0.08931418681168313,-0.18445278669158346,0.5233231089166452,0.8168963356240083,0.5233231089166552,0.38053863867669985,0.4371367180598383,0.3095178539195431,0.021994910406396555,0.0009242372696243307,0.010700334958606925,0.0005494798882037424,0.4775231366312472,0.24764913926576765,0.46528922965056124,0.17722518226348238,0.3780455894695029,0.43806799362263193,0.2849331002460781,0.07601020897808691,0.5427129565987647,0.42771016158624775,0.3287427877872896,0.5681303106335428,0.45349447555110817,0.5702821452753591,0.45349447320625164,0.789947183933623,0.6966038405783659,-7.782313493781047e-05,0.7851788885958759,0.6966038399400042,0.3829717549904252,0.37778055224660273,0.11514665257503122,0.08989003800795792,0.5025468231299269,0.5015670538482839,0.2763368861293839,0.2373485173128399,0.05153865585768757,0.0006223690333282383,0.3723082863071779,0.47613117636525937,0.5064218238823193,0.5053706443333015,0.40491788806117074,0.40634151069219343,0.10061705641858402,0.0859539198187676,0.5721956538665324,0.7851788885958759,0.039125677942719386,0.5338192586646472,0.6966038399400042,0.06242867480652491,0.3921060722209217,0.39429873290237233,0.2817537588483619
txn_velocity_week_wk3,0.02167461499262673,0.01491930435990022,0.43894374612547965,0.20917817915127662,0.43894374612548476,0.184871503513663,0.6445731987209987,0.3898449852284274,0.6445731987210209,0.30486506565205784,0.9999999999999936,0.568998653539439,1.0,0.3980018807184522,0.6370063574294903,0.3020398221129256,0.6370063574295161,0.19921980636839523,0.43284083982729454,0.08078655400638339,-0.42076016409242717,-0.3231864762389394,0.8493819755324594,0.46631282597817264,0.8493819755324385,0.34019514564320696,0.6410260622048352,0.13838550624592194,0.005292067818495656,0.0009902811629039425,0.00311621864569134,-0.0003183744281647501,0.7015206690730221,0.35047407255763674,0.21534556035206587,0.07179735387656709,0.15565826745765804,0.324014932241299,0.07814055620437797,0.0005180823098687193,0.48500527664005993,0.31746594340066553,0.33426054777958475,0.3758013298893541,0.8411116119898429,0.37551212854889904,0.8411116162613933,0.38723459236926683,0.6344852985543223,0.00010672545718560753,0.3661357026630921,0.6344853057519582,0.22377456045776692,0.17123351379835572,0.06222254834700205,0.003879838958721946,0.823851653022192,0.7807376039084529,0.25726371676796733,0.20605720771740232,0.028709577103515398,-0.00506870172120391,0.4198033054535771,0.6787473822994045,0.376468088045783,0.3783115108281313,0.7280177886871613,0.7122448063361209,0.06387850308982032,0.05975756589402475,0.231430714255658,0.3661357026630921,0.02780951764147223,0.4848653279805253,0.6344853057519582,0.04903985647853668,0.32757236962405967,0.4655668959435485,0.3471774696405616
txn_days_active_week_wk3,0.04220003798522282,0.037204496972044976,0.2111626111978011,0.18859120179511,0.21116261119780125,0.4076272810932765,0.26905903467353887,0.2894970730574979,0.2690590346735519,0.5703213941356494,0.39800188071846326,0.42813142220377676,0.3980018807184522,1.0,0.29846578231363374,0.29214098785097653,0.29846578231364035,0.6035296175716163,0.13131008908121494,-0.01348068327164963,-0.10119221621286292,-0.12722760885207093,0.36554024866769935,0.38135042854900914,0.36554024866768614,0.8111645823457648,0.3162734821815685,0.18633781774510952,0.01490323738019894,0.024719323263713976,0.04955620247180764,0.003525232742827328,0.3480214803576239,0.23272237661344117,0.261244390294581,0.042506700685130044,0.1809983800891607,0.2838118725593935,0.11621393052144328,0.012818349817600024,0.5767065290882162,0.7374238701827751,0.47595680070762125,0.4473410949018836,0.3070453276360918,0.44922980336467655,0.30704543861944494,0.3524705931165999,0.4030006953386874,0.0032258275661351077,0.3395816915084242,0.4030008382295565,0.4277409005070987,0.34668897875406546,0.09589633642439802,0.05989066181778539,0.34789847514080285,0.3558254304022126,0.7063424016433423,0.6803184347247692,0.32060818990515255,0.17309547963130584,0.5152991196851218,0.3927663429112075,0.36689439552751196,0.36159597980206254,0.26412326340462067,0.2613137015087249,0.41379721964365224,0.3750945909014368,0.276720575350625,0.3395816915084242,0.2774189897885942,0.34828140017878684,0.4030008382295565,0.34959942136153255,0.5580330652393478,0.5204745315516024,0.1804720215676862
txn_count_week_wk4,0.02168846575137895,0.018403547912317252,0.1430744267097585,0.08043631642935144,0.143074426709758,0.11328058781709495,0.24530876442067592,0.15957560241393878,0.2453087644206715,0.1790154386870181,0.6370063574295086,0.4171577590540529,0.6370063574294903,0.29846578231363374,1.0,0.5718247928980893,0.9999999999999518,0.3677040650334683,0.17976395632638104,0.20526496398293623,0.18079745126303987,-0.04652294823102005,0.5805258301330577,0.38125086293103444,0.5805258301330706,0.3067722581125441,0.46219401922468295,0.13407753763198263,0.0012552085549862263,0.003765412637558583,0.002503227623877045,0.0035296412537198065,0.5115109283671246,0.33717145135048365,0.19772834264864833,0.0676704790167524,0.14512632736580203,0.2874315257008372,0.07685218277128589,0.007153979866453257,0.4097172015057048,0.30079814262154725,0.29328037893245107,0.3607702840759324,0.5550114800702248,0.36064057822170803,0.555011476800755,0.3243182382044696,0.4960271575494911,-0.00010688539430037348,0.3072202904897388,0.49602715484058024,0.22166896738203415,0.15900967294559298,0.03715354372196834,0.010586456214126636,0.5909278082026672,0.5621656379584373,0.24479246622239942,0.20299947913471272,0.05833310655686601,0.008962171115081085,0.39407006262593597,0.5328989138021295,0.31301323486558097,0.3134207491265178,0.3423074259173487,0.3304480480303711,0.09935117282860266,0.11106769264730207,0.2969649595899112,0.3072202904897388,0.054161758918543246,0.5649283148705877,0.49602715484058024,0.07695252029710302,0.24412964625407252,0.2794100101589642,0.2462484298185465
txn_amt_week_wk4,0.023748087302649414,0.02203809011692141,0.07845942860786795,0.21043612838748815,0.07845942860786846,0.1355276704514583,0.11178390455369054,0.3300869620621369,0.11178390455369268,0.20140664956024804,0.3020398221129139,0.5914179846953722,0.3020398221129256,0.29214098785097653,0.5718247928980893,1.0,0.5718247928980743,0.4111259568779474,0.06025960927487096,0.07784120285863635,0.20257330622887976,-0.013853263275743505,0.3009341433226903,0.6702907285066955,0.30093414332269536,0.3342448634199385,0.26512956873861737,0.283383127315116,0.0035155510700587,0.007656155574662313,0.0018628460771664443,0.009469157114961392,0.2910206659912428,0.19677710192795478,0.4144709881052601,0.18343847062303262,0.3574359067503031,0.36006375900190907,0.28416166157294415,0.09503309137222325,0.4121925109686804,0.3737619585709779,0.2598426518749411,0.48454175277705486,0.23062923238373073,0.4857947454134779,0.230629228521248,0.6816697062104895,0.5067584358190822,-0.00011733831108395045,0.6667303589376089,0.5067584326950021,0.3589330313421911,0.3447579748867416,0.09816298686880161,0.10374637945542234,0.3025391613452419,0.308930047880528,0.2425445965213231,0.21339170585728615,0.07677610450799731,0.012306724913895964,0.3167313184278773,0.3019186420299814,0.38249960930754984,0.38024682398867543,0.13486832533563112,0.1346841200334147,0.11509953184189489,0.10124742317360039,0.632303589411924,0.6667303589376089,0.055021646000678555,0.5171891712062461,0.5067584326950021,0.07497266494504483,0.2956509677349092,0.23356495578264197,0.16807614309314167
txn_velocity_week_wk4,0.021688465751379327,0.018403547912318734,0.1430744267097618,0.08043631642935446,0.14307442670975704,0.11328058781710003,0.24530876442067467,0.1595756024139431,0.2453087644206808,0.17901543868703196,0.6370063574294967,0.41715775905406116,0.6370063574295161,0.29846578231364035,0.9999999999999518,0.5718247928980743,1.0,0.36770406503347036,0.17976395632637665,0.20526496398293406,0.1807974512630437,-0.0465229482310196,0.5805258301330655,0.3812508629310341,0.5805258301330675,0.30677225811255365,0.46219401922470266,0.13407753763198138,0.0012552085549862742,0.0037654126375586865,0.0025032276238770366,0.0035296412537199773,0.5115109283671349,0.33717145135049653,0.19772834264864722,0.06767047901675259,0.1451263273658035,0.2874315257008332,0.07685218277128761,0.00715397986645364,0.40971720150568564,0.30079814262156124,0.29328037893245845,0.3607702840759216,0.5550114800702323,0.36064057822170387,0.5550114768007544,0.3243182382044684,0.4960271575495027,-0.00010688539430037233,0.30722029048973604,0.4960271548405774,0.221668967382028,0.15900967294559878,0.03715354372196819,0.010586456214126936,0.5909278082026584,0.562165637958447,0.24479246622241385,0.20299947913471977,0.058333106556863135,0.008962171115081005,0.394070062625938,0.5328989138021109,0.31301323486557975,0.3134207491265112,0.3423074259173507,0.3304480480303737,0.09935117282860194,0.11106769264730242,0.2969649595899116,0.30722029048973604,0.054161758918540664,0.564928314870598,0.4960271548405774,0.07695252029710317,0.24412964625408506,0.2794100101589633,0.2462484298185501
txn_days_active_week_wk4,0.03716400014214619,0.036765383439700795,0.06271013843699805,0.10532750421293298,0.06271013843700052,0.33961079221064394,0.08698745946875638,0.1535091328577087,0.08698745946875695,0.46133022601611323,0.1992198063683931,0.26979640806780353,0.19921980636839523,0.6035296175716163,0.3677040650334683,0.4111259568779474,0.36770406503347036,1.0,0.041099659870376976,0.0548204050702215,0.08901430458387773,-0.009185398869101954,0.20470461890277172,0.29620261542832327,0.20470461890277467,0.7763789060386967,0.1917726462261344,0.16654556141743315,0.009254270855202874,0.03619262232876351,0.023429808594221318,0.03421624228944472,0.21500372829193695,0.19419079936664763,0.22751789815949688,0.03525633643127233,0.15851995107832212,0.23368922267118578,0.10583856868494065,0.01607494639274909,0.49293822952387445,0.7087612599204421,0.4286608756679445,0.3967395064532422,0.14384805834951553,0.3986889957729304,0.1438480430304555,0.282931547243317,0.28579660209325813,-0.0004491758357213275,0.2731933108440636,0.2857965835563102,0.4150124351605125,0.32711405852874426,0.0820115915919767,0.06434467411613824,0.20462509373141777,0.2186234035305725,0.6877664813726234,0.6690306578000871,0.4241077523403483,0.2354376054488081,0.490148316219,0.2653813767678257,0.2966415397835037,0.29063909595744386,0.08810042255369244,0.08683870420620361,0.43380943760763424,0.391332282908209,0.2697183738369075,0.2731933108440636,0.29751363822943017,0.3117388281665664,0.2857965835563102,0.35672817395968826,0.5024125349847639,0.41320182268603767,0.09655490690435684
txn_velocity_delta_wk2_vs_wk1,0.0042481052738648625,0.0018074530172205905,-0.02107680800174833,-0.03567667613747634,-0.02107680800174686,0.010404866310386781,0.5058352950071173,0.22679952120926658,0.5058352950071113,0.1548625270248166,0.43284083982727595,0.17647204665239388,0.43284083982729454,0.13131008908121494,0.17976395632638104,0.06025960927487096,0.17976395632637665,0.041099659870376976,1.0,-0.20932719785669582,-0.254371103151223,-0.6840511831698733,0.3620314684310414,0.13264902052332272,0.36203146843104994,0.10349944401104845,0.24892340265393473,0.02955865167668501,0.003562850181754861,-0.0004207244226005799,-0.0003434170658637916,-0.0002634630023311279,0.26630673729703924,0.1125397855373047,0.04924014919435117,0.017687303135304967,0.03136876082008785,0.09233149072817373,0.008373249316375774,-0.001971684490374552,0.1360642554248016,0.07680568751727401,0.09904216641624417,0.12198294910182343,0.36582362803937196,0.12174376097788407,0.36582361655597895,0.10061718305440005,0.20734737464925193,-0.00034213106888947975,0.09484472858552417,0.20734736048879027,0.049027440540411624,0.03246805910462194,0.01754749287654055,-0.0023029227343603774,0.34494845317954054,0.31867510538557314,0.06585119191231747,0.04869383693925622,-0.005123857764619991,-0.006990010987161002,0.14016820721657192,0.23980137964917686,0.1434892325179789,0.144337630371664,0.36333193250550944,0.36491983137347767,-0.00018185381681086433,-0.0017401599267278915,0.04191367953552566,0.09484472858552417,-0.004738824910194473,0.12188887505543117,0.2073473604887902,0.0010921418678510942,0.10764530586279726,0.17491472240257092,0.13105462781593927
txn_velocity_delta_wk3_vs_wk2,-0.0016898746572666166,0.0028649399623898153,-0.43051491328374125,-0.2589655577390859,-0.4305149132837358,-0.12730015791237959,-0.4748873938290509,-0.3878298666795151,-0.47488739382906964,-0.20655185798783113,0.0807865540063813,-0.026471367581193634,0.08078655400638339,-0.01348068327164963,0.20526496398293623,0.07784120285863635,0.20526496398293406,0.0548204050702215,-0.20932719785669582,1.0,-0.16507509338706208,0.7372618448071915,-0.24269736305918352,-0.21043712960893554,-0.24269736305918535,-0.09104390707637564,-0.30864106053532214,-0.0675448638021505,0.00471029390005123,0.00029906994904989553,0.0004491783819737022,0.0003665047464836153,-0.3074996180469465,-0.0932095587410141,-0.10629597060316819,-0.03411206027902417,-0.08588032266371574,-0.13748982058450906,-0.054370400765214495,0.0009047033241564056,-0.229020345199704,-0.1306833156442111,-0.14196063792036828,-0.12326522748223226,-0.23734239264239984,-0.12296094960668767,-0.2373423864105084,-0.1999221011678188,-0.22035226835241087,0.0001864861178009621,-0.18809242022838135,-0.22035226106075917,-0.10648888565141318,-0.07320779567079372,-0.06968021770817755,0.0020646846226181873,-0.21872746069911436,-0.2405741972706919,-0.09297566772199908,-0.06920224432370962,0.0010656031447443285,0.00725266532086477,-0.1531760598662304,-0.30114943144631884,-0.18895141762447978,-0.19077962924302458,-0.3650802127081802,-0.37200419793577993,-0.007436952778967792,0.007513147812027853,-0.03297034018357166,-0.18809242022838135,0.008739177458174985,0.03970477448528332,-0.22035226106075917,0.009383835757406646,-0.18163326541487212,-0.2896431051212085,-0.1633482043469408
txn_velocity_delta_wk4_vs_wk3,0.001765020987007273,0.002073603614950567,-0.16235351817121757,-0.03102684378895611,-0.16235351817120958,-0.05674182094831897,-0.2931809828565264,-0.07856501070383679,-0.29318098285651956,-0.09294563546456214,-0.42076016409241873,-0.08931418681168313,-0.42076016409242717,-0.10119221621286292,0.18079745126303987,0.20257330622887976,0.1807974512630437,0.08901430458387773,-0.254371103151223,-0.16507509338706208,1.0,0.09803527813885995,-0.24834419689794188,-0.0005741644231382709,-0.24834419689794107,-0.046268080589730504,-0.10406862450278392,0.012670775008315344,0.00036337259492771803,0.0008476855715223952,0.0008064094133244258,0.0006107583185254776,-0.11691187982683401,0.025961098479121807,0.01482125115524444,0.015878762057521346,0.01824586624883823,0.01568861376330737,0.015239558405022634,0.0012496018863243949,-0.004690588013606034,0.01566083380221314,-0.018493612367316118,-0.003404008174350258,-0.26624653311446905,-0.0034020320775918363,-0.26624653331924625,0.023891873384720697,-0.06749939807296226,-3.6849661645675765e-07,0.02266893495359108,-0.06749939835752902,0.03867771772359706,0.009771696003822264,0.001556534396481006,0.0025630174729835502,-0.21960663001758926,-0.19678279747398428,-0.00934111792309906,-0.0053924078708027425,0.011506328862945838,0.0029132589217013794,0.011320771187610915,-0.07430966580739211,-0.033805415637202435,-0.03459094759637199,-0.3219830428016525,-0.30996792999104,0.03137912578102208,0.04347653752381667,0.08621575593141168,0.02266893495359108,0.016400136915703332,0.06076525134849795,-0.06749939835752901,0.015412837197336516,-0.05571785637552469,-0.13424083418630897,-0.07374010664208949
txn_velocity_accel_wk3,-0.004445319423506458,-0.00018649264399515998,-0.35693527554407434,-0.19183822275221904,-0.3569352755440592,-0.1164403358298333,-0.6618818872411029,-0.4285880877286755,-0.6618818872411012,-0.2553790304275522,-0.32318647623892677,-0.18445278669158346,-0.3231864762389394,-0.12722760885207093,-0.04652294823102005,-0.013853263275743505,-0.0465229482310196,-0.009185398869101954,-0.6840511831698733,0.7372618448071915,0.09803527813885995,1.0,-0.4760567599551113,-0.27308230782294307,-0.47605675995512364,-0.1576403705541013,-0.4401087873123044,-0.08195229034991473,0.0023415023030773736,0.0006357792442266784,0.0005546669803348135,0.0005113237238286741,-0.45365528934482413,-0.16412208679050153,-0.13108041036333973,-0.043613062779983364,-0.09632175498220999,-0.18970019111800754,-0.0512996356394307,0.002087903403245146,-0.2983603898552584,-0.17155023818437276,-0.19493497686089026,-0.20337709067041962,-0.472854023062623,-0.20296441411515906,-0.4728540104479463,-0.23552981935988893,-0.34945155783940557,0.00037732809246885464,-0.2220803670055028,-0.349451542702461,-0.13250728786180663,-0.09508126411904985,-0.06488731610398028,0.00227511821274269,-0.4462995474061781,-0.4431732601328097,-0.13064853483397446,-0.09848666239829783,0.001781741528773707,0.010672642434219273,-0.23198639442468888,-0.4373952480046855,-0.2640213377824131,-0.26604454461341004,-0.5421481071276829,-0.5480988608403522,-0.010943317380196096,0.002433972806892672,-0.06704306604082763,-0.2220803670055028,0.006662532138654989,-0.10818692316371663,-0.349451542702461,0.0018206455261427503,-0.22682347568936043,-0.35930891532985904,-0.22813867917465033
txn_count_30d,0.02358958304227285,0.012101125892152417,0.7978728048324446,0.42486974171366326,0.7978728048324383,0.32354510194473957,0.8971565029607899,0.6203653183130321,0.8971565029608027,0.4516521697651231,0.8493819755324213,0.5233231089166452,0.8493819755324594,0.36554024866769935,0.5805258301330577,0.3009341433226903,0.5805258301330655,0.20470461890277172,0.3620314684310414,-0.24269736305918352,-0.24834419689794188,-0.4760567599551113,1.0,0.6107879982806287,1.000000000000006,0.4241206926659654,0.8305943351639541,0.18725983960467127,0.004166476845483378,0.001861037223618122,0.0009136918709443959,0.0002296543932482597,0.9040226314154964,0.4965957458326871,0.2982254311263626,0.12345781423462876,0.2261081763029648,0.43597136598253167,0.12296845711333992,0.005023914309786639,0.6462216794526189,0.42253642101160205,0.45268172397099304,0.46678049875261823,0.9856241497143338,0.46638832694405474,0.9856241521093467,0.5234166815950624,0.7875256453055453,4.9036436318557764e-05,0.4946609780323758,0.7875256505850623,0.3141918172996852,0.23648657175769028,0.11857953547836506,0.0056539493619577955,0.9461990882311369,0.9372271923763563,0.3462322291276545,0.27779658551260067,0.042160365939633286,-0.003964645778161814,0.5431569651961681,0.8693136485420335,0.48650879266459657,0.48903881765006724,0.9206387443562687,0.9056351871675559,0.08210710808710059,0.06405317558695672,0.2851324863177399,0.4946609780323758,0.038748095836362434,0.513600471255721,0.7875256505850623,0.058242029611144205,0.4575688446768102,0.6673900510621156,0.4624228692288049
txn_amt_30d,0.028388412462437874,0.02121245409555191,0.5308774586509245,0.7411787400569189,0.5308774586509166,0.3294392431038483,0.5364098605375214,0.8357095520306314,0.5364098605375227,0.43545144096425015,0.46631282597816814,0.8168963356240083,0.46631282597817264,0.38135042854900914,0.38125086293103444,0.6702907285066955,0.3812508629310341,0.29620261542832327,0.13264902052332272,-0.21043712960893554,-0.0005741644231382709,-0.27308230782294307,0.6107879982806287,1.0,0.6107879982806038,0.4573104303457671,0.5435398313670056,0.5366189452763273,0.018879475229414463,0.005800951208928081,0.0032966157607183582,0.0027773637271847093,0.5933550364563686,0.3412452307635669,0.7031462418279742,0.2733169540271,0.6021327779884394,0.5422697310903566,0.4962310808487091,0.2582632535391175,0.6506300466078287,0.5177353049750677,0.4128974021059591,0.6620763539597185,0.5295381752358239,0.6642890118201664,0.5295381796451148,0.9483824438349129,0.8029315360350364,0.00011728634117055672,0.978434835483565,0.8029315443650649,0.5021701050994188,0.4659290791566741,0.18932503361688233,0.1137086450613373,0.5714488233137498,0.5890289261760303,0.3509767940841759,0.30011806301517535,0.0724906118822054,0.0042754247083912665,0.47170153053186026,0.582282720073316,0.5836130128645937,0.582292772967583,0.5026438657330825,0.5053429999352704,0.12779967687602706,0.09350805285455696,0.744569997011212,0.978434835483565,0.05296747273989069,0.5771239789142233,0.8029315443650649,0.0772277780452537,0.493930014234885,0.5208692274109827,0.35244971704597017
